x-axis,4
second,Volt
+22.49240000E-03,-46.34669679E-03
+22.49245000E-03,-27.35172212E-03
+22.49250000E-03,-27.35172212E-03
+22.49255000E-03,-30.06528998E-03
+22.49260000E-03,-46.34669673E-03
+22.49265000E-03,-8.35674753E-03
+22.49270000E-03,-27.35172212E-03
+22.49275000E-03,-8.35674756E-03
+22.49280000E-03,-5.64317964E-03
+22.49285000E-03,-27.35172212E-03
+22.49290000E-03,-24.63815415E-03
+22.49295000E-03,-11.07031561E-03
+22.49300000E-03,-8.35674764E-03
+22.49305000E-03,-27.35172212E-03
+22.49310000E-03,-8.35674767E-03
+22.49315000E-03,-5.64317964E-03
+22.49320000E-03,-46.34669654E-03
+22.49325000E-03,-27.35172212E-03
+22.49330000E-03,-24.63815403E-03
+22.49335000E-03,-27.35172212E-03
+22.49340000E-03,-8.35674776E-03
+22.49345000E-03,-24.63815398E-03
+22.49350000E-03,-24.63815397E-03
+22.49355000E-03,-8.35674781E-03
+22.49360000E-03,-8.35674783E-03
+22.49365000E-03,-27.35172212E-03
+22.49370000E-03,-43.63312817E-03
+22.49375000E-03,-30.06529035E-03
+22.49380000E-03,-27.35172212E-03
+22.49385000E-03,-27.35172212E-03
+22.49390000E-03,-27.35172212E-03
+22.49395000E-03,-24.63815383E-03
+22.49400000E-03,-27.35172212E-03
+22.49405000E-03,-43.63312795E-03
+22.49410000E-03,-27.35172212E-03
+22.49415000E-03,-43.63312789E-03
+22.49420000E-03,-24.63815375E-03
+22.49425000E-03,-27.35172212E-03
+22.49430000E-03,-27.35172212E-03
+22.49435000E-03,-27.35172212E-03
+22.49440000E-03,-11.07031651E-03
+22.49445000E-03,-30.06529057E-03
+22.49450000E-03,-46.34669613E-03
+22.49455000E-03,-27.35172212E-03
+22.49460000E-03,-65.34167009E-03
+22.49465000E-03,-27.35172212E-03
+22.49470000E-03,-27.35172212E-03
+22.49475000E-03,-30.06529067E-03
+22.49480000E-03,-46.34669604E-03
+22.49485000E-03,-5.64317964E-03
+22.49490000E-03,-46.34669601E-03
+22.49495000E-03,-27.35172212E-03
+22.49500000E-03,-43.63312736E-03
+22.49505000E-03,-27.35172212E-03
+22.49510000E-03,-43.63312729E-03
+22.49515000E-03,-27.35172212E-03
+22.49520000E-03,-30.06529081E-03
+22.49525000E-03,-27.35172212E-03
+22.49530000E-03,-27.35172212E-03
+22.49535000E-03,-5.64317964E-03
+22.49540000E-03,-27.35172212E-03
+22.49545000E-03,-27.35172212E-03
+22.49550000E-03,-27.35172212E-03
+22.49555000E-03,-30.06529092E-03
+22.49560000E-03,-5.64317964E-03
+22.49565000E-03,-27.35172212E-03
+22.49570000E-03,-27.35172212E-03
+22.49575000E-03,-24.63815326E-03
+22.49580000E-03,-8.35674851E-03
+22.49585000E-03,-30.06529101E-03
+22.49590000E-03,-27.35172212E-03
+22.49595000E-03,-24.63815320E-03
+22.49600000E-03,-24.63815319E-03
+22.49605000E-03,-8.35674859E-03
+22.49610000E-03,-27.35172212E-03
+22.49615000E-03,-11.07031761E-03
+22.49620000E-03,-46.34669560E-03
+22.49625000E-03,-8.35674865E-03
+22.49630000E-03,-24.63815309E-03
+22.49635000E-03,-27.35172212E-03
+22.49640000E-03,-46.34669554E-03
+22.49645000E-03,-27.35172212E-03
+22.49650000E-03,-46.34669551E-03
+22.49655000E-03,-24.63815301E-03
+22.49660000E-03,-46.34669548E-03
+22.49665000E-03,-30.06529126E-03
+22.49670000E-03,-27.35172212E-03
+22.49675000E-03,-30.06529129E-03
+22.49680000E-03,-8.35674883E-03
+22.49685000E-03,-8.35674884E-03
+22.49690000E-03,-5.64317964E-03
+22.49695000E-03,-27.35172212E-03
+22.49700000E-03,-11.07031814E-03
+22.49705000E-03,-27.35172212E-03
+22.49710000E-03,-24.63815284E-03
+22.49715000E-03,-30.06529142E-03
+22.49720000E-03,-43.63312598E-03
+22.49725000E-03,-27.35172212E-03
+22.49730000E-03,-8.35674898E-03
+22.49735000E-03,-30.06529148E-03
+22.49740000E-03,-49.06026460E-03
+22.49745000E-03,-27.35172212E-03
+22.49750000E-03,-27.35172212E-03
+22.49755000E-03,-8.35674906E-03
+22.49760000E-03,-43.63312573E-03
+22.49765000E-03,-27.35172212E-03
+22.49770000E-03,-27.35172212E-03
+22.49775000E-03,-27.35172212E-03
+22.49780000E-03,-8.35674914E-03
+22.49785000E-03,-27.35172212E-03
+22.49790000E-03,-27.35172212E-03
+22.49795000E-03,-11.07031873E-03
+22.49800000E-03,-27.35172212E-03
+22.49805000E-03,-49.06026460E-03
+22.49810000E-03,-27.35172212E-03
+22.49815000E-03,-8.35674925E-03
+22.49820000E-03,-8.35674926E-03
+22.49825000E-03,-30.06529176E-03
+22.49830000E-03,-27.35172212E-03
+22.49835000E-03,-27.35172212E-03
+22.49840000E-03,-30.06529181E-03
+22.49845000E-03,-27.35172212E-03
+22.49850000E-03,-24.63815241E-03
+22.49855000E-03,-24.63815239E-03
+22.49860000E-03,-8.35674939E-03
+22.49865000E-03,-27.35172212E-03
+22.49870000E-03,-27.35172212E-03
+22.49875000E-03,-8.35674943E-03
+22.49880000E-03,-49.06026460E-03
+22.49885000E-03,-24.63815230E-03
+22.49890000E-03,-27.35172212E-03
+22.49895000E-03,-30.06529198E-03
+22.49900000E-03,-27.35172212E-03
+22.49905000E-03,-27.35172212E-03
+22.49910000E-03,-27.35172212E-03
+22.49915000E-03,-27.35172212E-03
+22.49920000E-03,-43.63312473E-03
+22.49925000E-03,-5.64317964E-03
+22.49930000E-03,-30.06529209E-03
+22.49935000E-03,-27.35172212E-03
+22.49940000E-03,-46.34669461E-03
+22.49945000E-03,-30.06529213E-03
+22.49950000E-03,-46.34669457E-03
+22.49955000E-03,-30.06529216E-03
+22.49960000E-03,-24.63815206E-03
+22.49965000E-03,-27.35172212E-03
+22.49970000E-03,-49.06026460E-03
+22.49975000E-03,-30.06529223E-03
+22.49980000E-03,-46.34669448E-03
+22.49985000E-03,-46.34669446E-03
+22.49990000E-03,-27.35172212E-03
+22.49995000E-03,-11.07031998E-03
+22.50000000E-03,-49.06026460E-03
+22.50005000E-03,-46.34669440E-03
+22.50010000E-03,-46.34669439E-03
+22.50015000E-03,-46.34669437E-03
+22.50020000E-03,-49.06026460E-03
+22.50025000E-03,-49.06026460E-03
+22.50030000E-03,-24.63815184E-03
+22.50035000E-03,-27.35172212E-03
+22.50040000E-03,-8.35674995E-03
+22.50045000E-03,-30.06529245E-03
+22.50050000E-03,-27.35172212E-03
+22.50055000E-03,-24.63815177E-03
+22.50060000E-03,-11.07032038E-03
+22.50065000E-03,-46.34669422E-03
+22.50070000E-03,-46.34669420E-03
+22.50075000E-03,-27.35172212E-03
+22.50080000E-03,-43.63312373E-03
+22.50085000E-03,-8.35675009E-03
+22.50090000E-03,-43.63312367E-03
+22.50095000E-03,-11.07032060E-03
+22.50100000E-03,-30.06529262E-03
+22.50105000E-03,-27.35172212E-03
+22.50110000E-03,-5.64317964E-03
+22.50115000E-03,-5.64317964E-03
+22.50120000E-03,-5.64317964E-03
+22.50125000E-03,-27.35172212E-03
+22.50130000E-03,-8.35675023E-03
+22.50135000E-03,-27.35172212E-03
+22.50140000E-03,-8.35675026E-03
+22.50145000E-03,-46.34669397E-03
+22.50150000E-03,-46.34669395E-03
+22.50155000E-03,-24.63815145E-03
+22.50160000E-03,-5.64317964E-03
+22.50165000E-03,-30.06529282E-03
+22.50170000E-03,-27.35172212E-03
+22.50175000E-03,-5.64317964E-03
+22.50180000E-03,-46.34669386E-03
+22.50185000E-03,-27.35172212E-03
+22.50190000E-03,-46.34669383E-03
+22.50195000E-03,-5.64317964E-03
+22.50200000E-03,-8.35675045E-03
+22.50205000E-03,-30.06529295E-03
+22.50210000E-03,-46.34669376E-03
+22.50215000E-03,-24.63815127E-03
+22.50220000E-03,-46.34669373E-03
+22.50225000E-03,-27.35172212E-03
+22.50230000E-03,-27.35172212E-03
+22.50235000E-03,-11.07032148E-03
+22.50240000E-03,-46.34669367E-03
+22.50245000E-03,-11.07032154E-03
+22.50250000E-03,-24.63815116E-03
+22.50255000E-03,-8.35675062E-03
+22.50260000E-03,-27.35172212E-03
+22.50265000E-03,-27.35172212E-03
+22.50270000E-03,-24.63815109E-03
+22.50275000E-03,-24.63815108E-03
+22.50280000E-03,-8.35675070E-03
+22.50285000E-03,-27.35172212E-03
+22.50290000E-03,-27.35172212E-03
+22.50295000E-03,-30.06529323E-03
+22.50300000E-03,-27.35172212E-03
+22.50305000E-03,-46.34669347E-03
+22.50310000E-03,-27.35172212E-03
+22.50315000E-03,-30.06529329E-03
+22.50320000E-03,-49.06026460E-03
+22.50325000E-03,-8.35675084E-03
+22.50330000E-03,-30.06529334E-03
+22.50335000E-03,-24.63815089E-03
+22.50340000E-03,-46.34669336E-03
+22.50345000E-03,-46.34669334E-03
+22.50350000E-03,-27.35172212E-03
+22.50355000E-03,-30.06529341E-03
+22.50360000E-03,-27.35172212E-03
+22.50365000E-03,-8.35675096E-03
+22.50370000E-03,-27.35172212E-03
+22.50375000E-03,-5.64317964E-03
+22.50380000E-03,-46.34669323E-03
+22.50385000E-03,-27.35172212E-03
+22.50390000E-03,-27.35172212E-03
+22.50395000E-03,-30.06529354E-03
+22.50400000E-03,-11.07032251E-03
+22.50405000E-03,-5.64317964E-03
+22.50410000E-03,-43.63312167E-03
+22.50415000E-03,-11.07032260E-03
+22.50420000E-03,-8.35675114E-03
+22.50425000E-03,-46.34669309E-03
+22.50430000E-03,-27.35172212E-03
+22.50435000E-03,-27.35172212E-03
+22.50440000E-03,-8.35675120E-03
+22.50445000E-03,-46.34669303E-03
+22.50450000E-03,-24.63815053E-03
+22.50455000E-03,-27.35172212E-03
+22.50460000E-03,-27.35172212E-03
+22.50465000E-03,-30.06529376E-03
+22.50470000E-03,-27.35172212E-03
+22.50475000E-03,-30.06529379E-03
+22.50480000E-03,-46.34669292E-03
+22.50485000E-03,-27.35172212E-03
+22.50490000E-03,-5.64317964E-03
+22.50495000E-03,-30.06529385E-03
+22.50500000E-03,-8.35675139E-03
+22.50505000E-03,-24.63815036E-03
+22.50510000E-03,-27.35172212E-03
+22.50515000E-03,-2.92960785E-03
+22.50520000E-03,-46.34669280E-03
+22.50525000E-03,-46.34669278E-03
+22.50530000E-03,-27.35172212E-03
+22.50535000E-03,-27.35172212E-03
+22.50540000E-03,-30.06529399E-03
+22.50545000E-03,-30.06529401E-03
+22.50550000E-03,-27.35172212E-03
+22.50555000E-03,-8.35675156E-03
+22.50560000E-03,-27.35172212E-03
+22.50565000E-03,-27.35172212E-03
+22.50570000E-03,-46.34669264E-03
+22.50575000E-03,-30.06529410E-03
+22.50580000E-03,-8.35675163E-03
+22.50585000E-03,-24.63815011E-03
+22.50590000E-03,-11.07032369E-03
+22.50595000E-03,-30.06529416E-03
+22.50600000E-03,-24.63815006E-03
+22.50605000E-03,-27.35172212E-03
+22.50610000E-03,-24.63815003E-03
+22.50615000E-03,-30.06529423E-03
+22.50620000E-03,-5.64317964E-03
+22.50625000E-03,-46.34669247E-03
+22.50630000E-03,-24.63814997E-03
+22.50635000E-03,-8.35675181E-03
+22.50640000E-03,-30.06529430E-03
+22.50645000E-03,-30.06529432E-03
+22.50650000E-03,-27.35172212E-03
+22.50655000E-03,-24.63814989E-03
+22.50660000E-03,-46.34669236E-03
+22.50665000E-03,-27.35172212E-03
+22.50670000E-03,-46.34669233E-03
+22.50675000E-03,-24.63814983E-03
+22.50680000E-03,-5.64317964E-03
+22.50685000E-03,-5.64317964E-03
+22.50690000E-03,-5.64317964E-03
+22.50695000E-03,-5.64317964E-03
+22.50700000E-03,-27.35172212E-03
+22.50705000E-03,-46.34669222E-03
+22.50710000E-03,-46.34669220E-03
+22.50715000E-03,-24.63814971E-03
+22.50720000E-03,-8.35675207E-03
+22.50725000E-03,-27.35172212E-03
+22.50730000E-03,-27.35172212E-03
+22.50735000E-03,-24.63814964E-03
+22.50740000E-03,-8.35675213E-03
+22.50745000E-03,-46.34669209E-03
+22.50750000E-03,-24.63814960E-03
+22.50755000E-03,-8.35675218E-03
+22.50760000E-03,-5.64317964E-03
+22.50765000E-03,-27.35172212E-03
+22.50770000E-03,-24.63814953E-03
+22.50775000E-03,-24.63814952E-03
+22.50780000E-03,-27.35172212E-03
+22.50785000E-03,-27.35172212E-03
+22.50790000E-03,-27.35172212E-03
+22.50795000E-03,-30.06529479E-03
+22.50800000E-03,-30.06529480E-03
+22.50805000E-03,-46.34669191E-03
+22.50810000E-03,-24.63814941E-03
+22.50815000E-03,-8.35675237E-03
+22.50820000E-03,-46.34669186E-03
+22.50825000E-03,-30.06529488E-03
+22.50830000E-03,-27.35172212E-03
+22.50835000E-03,-24.63814933E-03
+22.50840000E-03,-24.63814932E-03
+22.50845000E-03,-8.35675246E-03
+22.50850000E-03,-46.34669177E-03
+22.50855000E-03,-8.35675249E-03
+22.50860000E-03,-27.35172212E-03
+22.50865000E-03,-27.35172212E-03
+22.50870000E-03,-24.63814922E-03
+22.50875000E-03,-27.35172212E-03
+22.50880000E-03,-27.35172212E-03
+22.50885000E-03,-27.35172212E-03
+22.50890000E-03,-27.35172212E-03
+22.50895000E-03,-24.63814914E-03
+22.50900000E-03,-30.06529511E-03
+22.50905000E-03,-27.35172212E-03
+22.50910000E-03,-27.35172212E-03
+22.50915000E-03,-27.35172212E-03
+22.50920000E-03,-30.06529518E-03
+22.50925000E-03,-27.35172212E-03
+22.50930000E-03,-27.35172212E-03
+22.50935000E-03,-30.06529522E-03
+22.50940000E-03,-49.06026460E-03
+22.50945000E-03,-27.35172212E-03
+22.50950000E-03,-24.63814897E-03
+22.50955000E-03,-8.35675281E-03
+22.50960000E-03,-46.34669142E-03
+22.50965000E-03,-46.34669141E-03
+22.50970000E-03,-24.63814891E-03
+22.50975000E-03,-24.63814889E-03
+22.50980000E-03,-49.06026460E-03
+22.50985000E-03,-27.35172212E-03
+22.50990000E-03,-8.35675291E-03
+22.50995000E-03,-27.35172212E-03
+22.51000000E-03,-46.34669130E-03
+22.51005000E-03,-8.35675296E-03
+22.51010000E-03,-46.34669127E-03
+22.51015000E-03,-30.06529547E-03
+22.51020000E-03,-30.06529549E-03
+22.51025000E-03,-27.35172212E-03
+22.51030000E-03,-27.35172212E-03
+22.51035000E-03,-24.63814871E-03
+22.51040000E-03,-46.34669117E-03
+22.51045000E-03,-49.06026460E-03
+22.51050000E-03,-27.35172212E-03
+22.51055000E-03,-27.35172212E-03
+22.51060000E-03,-27.35172212E-03
+22.51065000E-03,-49.06026460E-03
+22.51070000E-03,-46.34669108E-03
+22.51075000E-03,-27.35172212E-03
+22.51080000E-03,-27.35172212E-03
+22.51085000E-03,-46.34669103E-03
+22.51090000E-03,-24.63814853E-03
+22.51095000E-03,-24.63814852E-03
+22.51100000E-03,-27.35172212E-03
+22.51105000E-03,-27.35172212E-03
+22.51110000E-03,-43.63311730E-03
+22.51115000E-03,-30.06529579E-03
+22.51120000E-03,-27.35172212E-03
+22.51125000E-03,-27.35172212E-03
+22.51130000E-03,-8.35675335E-03
+22.51135000E-03,-8.35675337E-03
+22.51140000E-03,-24.63814838E-03
+22.51145000E-03,-46.34669084E-03
+22.51150000E-03,-43.63311706E-03
+22.51155000E-03,-5.64317964E-03
+22.51160000E-03,-27.35172212E-03
+22.51165000E-03,-27.35172212E-03
+22.51170000E-03,-27.35172212E-03
+22.51175000E-03,-8.35675349E-03
+22.51180000E-03,-46.34669074E-03
+22.51185000E-03,-49.06026460E-03
+22.51190000E-03,-24.63814822E-03
+22.51195000E-03,-11.07032747E-03
+22.51200000E-03,-46.34669067E-03
+22.51205000E-03,-27.35172212E-03
+22.51210000E-03,-46.34669064E-03
+22.51215000E-03,-46.34669063E-03
+22.51220000E-03,-46.34669061E-03
+22.51225000E-03,-8.35675365E-03
+22.51230000E-03,-27.35172212E-03
+22.51235000E-03,-24.63814808E-03
+22.51240000E-03,-49.06026460E-03
+22.51245000E-03,-27.35172212E-03
+22.51250000E-03,-43.63311643E-03
+22.51255000E-03,-30.06529622E-03
+22.51260000E-03,-46.34669049E-03
+22.51265000E-03,-24.63814799E-03
+22.51270000E-03,-27.35172212E-03
+22.51275000E-03,-5.64317964E-03
+22.51280000E-03,-8.35675382E-03
+22.51285000E-03,-49.06026460E-03
+22.51290000E-03,-24.63814791E-03
+22.51295000E-03,-5.64317964E-03
+22.51300000E-03,-49.06026460E-03
+22.51305000E-03,-46.34669034E-03
+22.51310000E-03,-46.34669033E-03
+22.51315000E-03,-27.35172212E-03
+22.51320000E-03,-27.35172212E-03
+22.51325000E-03,-8.35675396E-03
+22.51330000E-03,-27.35172212E-03
+22.51335000E-03,-30.06529647E-03
+22.51340000E-03,-46.34669024E-03
+22.51345000E-03,-8.35675402E-03
+22.51350000E-03,-46.34669020E-03
+22.51355000E-03,-43.63311578E-03
+22.51360000E-03,-49.06026460E-03
+22.51365000E-03,-27.35172212E-03
+22.51370000E-03,-27.35172212E-03
+22.51375000E-03,-27.35172212E-03
+22.51380000E-03,-30.06529661E-03
+22.51385000E-03,-27.35172212E-03
+22.51390000E-03,-5.64317964E-03
+22.51395000E-03,-30.06529666E-03
+22.51400000E-03,-27.35172212E-03
+22.51405000E-03,-5.64317964E-03
+22.51410000E-03,-27.35172212E-03
+22.51415000E-03,-5.64317964E-03
+22.51420000E-03,-5.64317964E-03
+22.51425000E-03,-46.34668997E-03
+22.51430000E-03,-27.35172212E-03
+22.51435000E-03,-8.35675430E-03
+22.51440000E-03,-30.06529680E-03
+22.51445000E-03,-49.06026460E-03
+22.51450000E-03,-43.63311518E-03
+22.51455000E-03,-30.06529685E-03
+22.51460000E-03,-30.06529686E-03
+22.51465000E-03,-27.35172212E-03
+22.51470000E-03,-24.63814735E-03
+22.51475000E-03,-5.64317964E-03
+22.51480000E-03,-46.34668980E-03
+22.51485000E-03,-27.35172212E-03
+22.51490000E-03,-24.63814729E-03
+22.51495000E-03,-11.07032934E-03
+22.51500000E-03,-30.06529699E-03
+22.51505000E-03,-27.35172212E-03
+22.51510000E-03,-27.35172212E-03
+22.51515000E-03,-27.35172212E-03
+22.51520000E-03,-27.35172212E-03
+22.51525000E-03,-24.63814718E-03
+22.51530000E-03,-27.35172212E-03
+22.51535000E-03,-24.63814715E-03
+22.51540000E-03,-43.63311462E-03
+22.51545000E-03,-49.06026460E-03
+22.51550000E-03,-27.35172212E-03
+22.51555000E-03,-5.64317964E-03
+22.51560000E-03,-30.06529717E-03
+22.51565000E-03,-5.64317964E-03
+22.51570000E-03,-27.35172212E-03
+22.51575000E-03,-30.06529722E-03
+22.51580000E-03,-46.34668949E-03
+22.51585000E-03,-24.63814699E-03
+22.51590000E-03,-27.35172212E-03
+22.51595000E-03,-27.35172212E-03
+22.51600000E-03,-43.63311425E-03
+22.51605000E-03,-27.35172212E-03
+22.51610000E-03,-24.63814691E-03
+22.51615000E-03,-27.35172212E-03
+22.51620000E-03,-49.06026460E-03
+22.51625000E-03,-8.35675490E-03
+22.51630000E-03,-43.63311406E-03
+22.51635000E-03,-30.06529741E-03
+22.51640000E-03,-24.63814682E-03
+22.51645000E-03,-49.06026460E-03
+22.51650000E-03,-27.35172212E-03
+22.51655000E-03,-24.63814677E-03
+22.51660000E-03,-27.35172212E-03
+22.51665000E-03,-24.63814674E-03
+22.51670000E-03,-24.63814672E-03
+22.51675000E-03,-8.35675505E-03
+22.51680000E-03,-27.35172212E-03
+22.51685000E-03,-24.63814668E-03
+22.51690000E-03,-27.35172212E-03
+22.51695000E-03,-27.35172212E-03
+22.51700000E-03,-43.63311362E-03
+22.51705000E-03,-24.63814662E-03
+22.51710000E-03,-27.35172212E-03
+22.51715000E-03,-5.64317964E-03
+22.51720000E-03,-8.35675519E-03
+22.51725000E-03,-27.35172212E-03
+22.51730000E-03,-46.34668902E-03
+22.51735000E-03,-27.35172212E-03
+22.51740000E-03,-5.64317964E-03
+22.51745000E-03,-49.06026460E-03
+22.51750000E-03,-27.35172212E-03
+22.51755000E-03,-5.64317964E-03
+22.51760000E-03,-49.06026460E-03
+22.51765000E-03,-27.35172212E-03
+22.51770000E-03,-8.35675535E-03
+22.51775000E-03,-27.35172212E-03
+22.51780000E-03,-43.63311312E-03
+22.51785000E-03,-27.35172212E-03
+22.51790000E-03,-24.63814635E-03
+22.51795000E-03,-5.64317964E-03
+22.51800000E-03,-30.06529792E-03
+22.51805000E-03,-27.35172212E-03
+22.51810000E-03,-27.35172212E-03
+22.51815000E-03,-30.06529797E-03
+22.51820000E-03,-27.35172212E-03
+22.51825000E-03,-8.35675552E-03
+22.51830000E-03,-46.34668871E-03
+22.51835000E-03,-30.06529803E-03
+22.51840000E-03,-27.35172212E-03
+22.51845000E-03,-27.35172212E-03
+22.51850000E-03,-24.63814616E-03
+22.51855000E-03,-30.06529810E-03
+22.51860000E-03,-46.34668861E-03
+22.51865000E-03,-27.35172212E-03
+22.51870000E-03,-27.35172212E-03
+22.51875000E-03,-24.63814608E-03
+22.51880000E-03,-8.35675569E-03
+22.51885000E-03,-24.63814605E-03
+22.51890000E-03,-27.35172212E-03
+22.51895000E-03,-8.35675574E-03
+22.51900000E-03,-27.35172212E-03
+22.51905000E-03,-5.64317964E-03
+22.51910000E-03,-27.35172212E-03
+22.51915000E-03,-27.35172212E-03
+22.51920000E-03,-30.06529830E-03
+22.51925000E-03,-8.35675583E-03
+22.51930000E-03,-5.64317964E-03
+22.51935000E-03,-30.06529835E-03
+22.51940000E-03,-46.34668836E-03
+22.51945000E-03,-24.63814587E-03
+22.51950000E-03,-5.64317964E-03
+22.51955000E-03,-11.07033221E-03
+22.51960000E-03,-46.34668830E-03
+22.51965000E-03,-46.34668828E-03
+22.51970000E-03,-24.63814579E-03
+22.51975000E-03,-27.35172212E-03
+22.51980000E-03,-46.34668824E-03
+22.51985000E-03,-24.63814574E-03
+22.51990000E-03,-27.35172212E-03
+22.51995000E-03,-8.35675605E-03
+22.52000000E-03,-8.35675607E-03
+22.52005000E-03,-8.35675608E-03
+22.52010000E-03,-8.35675610E-03
+22.52015000E-03,-49.06026460E-03
+22.52020000E-03,-46.34668811E-03
+22.52025000E-03,-27.35172212E-03
+22.52030000E-03,-46.34668808E-03
+22.52035000E-03,-30.06529866E-03
+22.52040000E-03,-46.34668805E-03
+22.52045000E-03,-27.35172212E-03
+22.52050000E-03,-8.35675622E-03
+22.52055000E-03,-8.35675624E-03
+22.52060000E-03,-46.34668799E-03
+22.52065000E-03,-49.06026460E-03
+22.52070000E-03,-24.63814548E-03
+22.52075000E-03,-27.35172212E-03
+22.52080000E-03,-46.34668793E-03
+22.52085000E-03,-46.34668791E-03
+22.52090000E-03,-27.35172212E-03
+22.52095000E-03,-24.63814540E-03
+22.52100000E-03,-24.63814538E-03
+22.52105000E-03,-5.64317964E-03
+22.52110000E-03,-27.35172212E-03
+22.52115000E-03,-5.64317964E-03
+22.52120000E-03,-46.34668780E-03
+22.52125000E-03,-27.35172212E-03
+22.52130000E-03,-24.63814529E-03
+22.52135000E-03,-27.35172212E-03
+22.52140000E-03,-27.35172212E-03
+22.52145000E-03,-27.35172212E-03
+22.52150000E-03,-24.63814523E-03
+22.52155000E-03,-27.35172212E-03
+22.52160000E-03,-11.07033349E-03
+22.52165000E-03,-27.35172212E-03
+22.52170000E-03,-8.35675660E-03
+22.52175000E-03,-24.63814515E-03
+22.52180000E-03,-8.35675663E-03
+22.52185000E-03,-27.35172212E-03
+22.52190000E-03,-43.63311056E-03
+22.52195000E-03,-27.35172212E-03
+22.52200000E-03,-49.06026460E-03
+22.52205000E-03,-8.35675671E-03
+22.52210000E-03,-5.64317964E-03
+22.52215000E-03,-30.06529922E-03
+22.52220000E-03,-27.35172212E-03
+22.52225000E-03,-46.34668747E-03
+22.52230000E-03,-27.35172212E-03
+22.52235000E-03,-8.35675680E-03
+22.52240000E-03,-49.06026460E-03
+22.52245000E-03,-8.35675683E-03
+22.52250000E-03,-8.35675685E-03
+22.52255000E-03,-8.35675686E-03
+22.52260000E-03,-30.06529936E-03
+22.52265000E-03,-27.35172212E-03
+22.52270000E-03,-27.35172212E-03
+22.52275000E-03,-27.35172212E-03
+22.52280000E-03,-24.63814482E-03
+22.52285000E-03,-27.35172212E-03
+22.52290000E-03,-27.35172212E-03
+22.52295000E-03,-27.35172212E-03
+22.52300000E-03,-46.34668724E-03
+22.52305000E-03,-8.35675702E-03
+22.52310000E-03,-24.63814473E-03
+22.52315000E-03,-30.06529953E-03
+22.52320000E-03,-27.35172212E-03
+22.52325000E-03,-27.35172212E-03
+22.52330000E-03,-5.64317964E-03
+22.52335000E-03,-8.35675711E-03
+22.52340000E-03,-30.06529961E-03
+22.52345000E-03,-27.35172212E-03
+22.52350000E-03,-46.34668708E-03
+22.52355000E-03,-49.06026460E-03
+22.52360000E-03,+13.35178529E-03
+22.52365000E-03,-27.35172212E-03
+22.52370000E-03,-27.35172212E-03
+22.52375000E-03,-8.35675724E-03
+22.52380000E-03,-43.63310938E-03
+22.52385000E-03,-49.06026460E-03
+22.52390000E-03,-30.06529977E-03
+22.52395000E-03,-27.35172212E-03
+22.52400000E-03,-27.35172212E-03
+22.52405000E-03,-27.35172212E-03
+22.52410000E-03,-46.34668690E-03
+22.52415000E-03,-30.06529984E-03
+22.52420000E-03,-43.63310913E-03
+22.52425000E-03,-46.34668685E-03
+22.52430000E-03,-46.34668683E-03
+22.52435000E-03,-24.63814434E-03
+22.52440000E-03,-27.35172212E-03
+22.52445000E-03,-27.35172212E-03
+22.52450000E-03,-27.35172212E-03
+22.52455000E-03,-27.35172212E-03
+22.52460000E-03,-5.64317964E-03
+22.52465000E-03,-30.06530000E-03
+22.52470000E-03,-46.34668671E-03
+22.52475000E-03,-30.06530003E-03
+22.52480000E-03,-8.35675757E-03
+22.52485000E-03,-27.35172212E-03
+22.52490000E-03,-8.35675760E-03
+22.52495000E-03,-30.06530009E-03
+22.52500000E-03,-30.06530011E-03
+22.52505000E-03,-46.34668660E-03
+22.52510000E-03,-27.35172212E-03
+22.52515000E-03,-30.06530016E-03
+22.52520000E-03,-27.35172212E-03
+22.52525000E-03,-27.35172212E-03
+22.52530000E-03,-8.35675772E-03
+22.52535000E-03,-30.06530022E-03
+22.52540000E-03,-27.35172212E-03
+22.52545000E-03,-27.35172212E-03
+22.52550000E-03,-43.63310832E-03
+22.52555000E-03,-27.35172212E-03
+22.52560000E-03,-11.07033599E-03
+22.52565000E-03,-8.35675783E-03
+22.52570000E-03,-30.06530033E-03
+22.52575000E-03,-8.35675786E-03
+22.52580000E-03,-5.64317964E-03
+22.52585000E-03,-27.35172212E-03
+22.52590000E-03,-24.63814385E-03
+22.52595000E-03,-8.35675792E-03
+22.52600000E-03,-46.34668630E-03
+22.52605000E-03,-27.35172212E-03
+22.52610000E-03,-27.35172212E-03
+22.52615000E-03,-27.35172212E-03
+22.52620000E-03,-30.06530048E-03
+22.52625000E-03,-8.35675802E-03
+22.52630000E-03,-27.35172212E-03
+22.52635000E-03,-27.35172212E-03
+22.52640000E-03,-5.64317964E-03
+22.52645000E-03,-43.63310772E-03
+22.52650000E-03,-43.63310769E-03
+22.52655000E-03,-11.07033658E-03
+22.52660000E-03,-27.35172212E-03
+22.52665000E-03,-27.35172212E-03
+22.52670000E-03,-27.35172212E-03
+22.52675000E-03,-27.35172212E-03
+22.52680000E-03,-8.35675819E-03
+22.52685000E-03,-27.35172212E-03
+22.52690000E-03,-27.35172212E-03
+22.52695000E-03,-5.64317964E-03
+22.52700000E-03,-5.64317964E-03
+22.52705000E-03,-27.35172212E-03
+22.52710000E-03,-24.63814348E-03
+22.52715000E-03,-8.35675830E-03
+22.52720000E-03,-27.35172212E-03
+22.52725000E-03,-24.63814343E-03
+22.52730000E-03,-46.34668590E-03
+22.52735000E-03,-24.63814340E-03
+22.52740000E-03,-8.35675838E-03
+22.52745000E-03,-46.34668585E-03
+22.52750000E-03,-43.63310707E-03
+22.52755000E-03,-30.06530090E-03
+22.52760000E-03,-8.35675844E-03
+22.52765000E-03,-27.35172212E-03
+22.52770000E-03,-24.63814329E-03
+22.52775000E-03,-24.63814328E-03
+22.52780000E-03,-27.35172212E-03
+22.52785000E-03,-27.35172212E-03
+22.52790000E-03,-27.35172212E-03
+22.52795000E-03,+16.06536284E-03
+22.52800000E-03,+21.49252069E-03
+22.52805000E-03,+102.89953277E-03
+22.52810000E-03,+189.73370269E-03
+22.52815000E-03,+279.28145158E-03
+22.52820000E-03,+366.11562152E-03
+22.52825000E-03,+493.65329742E-03
+22.52830000E-03,+585.91462538E-03
+22.52835000E-03,+732.44726472E-03
+22.52840000E-03,+862.69851960E-03
+22.52845000E-03,+949.53268953E-03
+22.52850000E-03,+1.09877890781E+00
+22.52855000E-03,+1.20732162020E+00
+22.52860000E-03,+1.33757287507E+00
+22.52865000E-03,+1.40812566076E+00
+22.52870000E-03,+1.53566333652E+00
+22.52875000E-03,+1.64691962808E+00
+22.52880000E-03,+1.75274876133E+00
+22.52885000E-03,+1.82058796796E+00
+22.52890000E-03,+1.92641710117E+00
+22.52895000E-03,+2.03224623436E+00
+22.52900000E-03,+2.10008544102E+00
+22.52905000E-03,+2.16792464772E+00
+22.52910000E-03,+2.23576385444E+00
+22.52915000E-03,+2.33616582903E+00
+22.52920000E-03,+2.38501007258E+00
+22.52925000E-03,+2.44742212072E+00
+22.52930000E-03,+2.49355278501E+00
+22.52935000E-03,+2.55325125378E+00
+22.52940000E-03,+2.61837688121E+00
+22.52945000E-03,+2.64279900305E+00
+22.52950000E-03,+2.70792463049E+00
+22.52955000E-03,+2.72691959357E+00
+22.52960000E-03,+2.75405529488E+00
+22.52965000E-03,+2.77576383737E+00
+22.52970000E-03,+2.81646734290E+00
+22.52975000E-03,+2.81918092237E+00
+22.52980000E-03,+2.85717084837E+00
+22.52985000E-03,+2.88159297034E+00
+22.52990000E-03,+2.85988442786E+00
+22.52995000E-03,+2.88159297034E+00
+22.53000000E-03,+2.87887939079E+00
+22.53005000E-03,+2.86531158699E+00
+22.53010000E-03,+2.88430654992E+00
+22.53015000E-03,+2.90058793323E+00
+22.53020000E-03,+2.86259800747E+00
+22.53025000E-03,+2.88159297034E+00
+22.53030000E-03,+2.88159297034E+00
+22.53035000E-03,+2.88159297034E+00
+22.53040000E-03,+2.85717084819E+00
+22.53045000E-03,+2.81646734290E+00
+22.53050000E-03,+2.81918092260E+00
+22.53055000E-03,+2.81646734290E+00
+22.53060000E-03,+2.79747238015E+00
+22.53065000E-03,+2.77576383769E+00
+22.53070000E-03,+2.73506033251E+00
+22.53075000E-03,+2.74591455589E+00
+22.53080000E-03,+2.70521105070E+00
+22.53085000E-03,+2.68621608801E+00
+22.53090000E-03,+2.66722112536E+00
+22.53095000E-03,+2.64551258289E+00
+22.53100000E-03,+2.63737184333E+00
+22.53105000E-03,+2.58038695548E+00
+22.53110000E-03,+2.56139199291E+00
+22.53115000E-03,+2.55325125322E+00
+22.53120000E-03,+2.53154271072E+00
+22.53125000E-03,+2.49083920568E+00
+22.53130000E-03,+2.45013570067E+00
+22.53135000E-03,+2.44742212072E+00
+22.53140000E-03,+2.42299999825E+00
+22.53145000E-03,+2.40129145576E+00
+22.53150000E-03,+2.35787437078E+00
+22.53155000E-03,+2.33616582828E+00
+22.53160000E-03,+2.29817590340E+00
+22.53165000E-03,+2.27104020081E+00
+22.53170000E-03,+2.25204523839E+00
+22.53175000E-03,+2.24933165830E+00
+22.53180000E-03,+2.18691961095E+00
+22.53185000E-03,+2.16792464859E+00
+22.53190000E-03,+2.14621610613E+00
+22.53195000E-03,+2.12179398350E+00
+22.53200000E-03,+2.10008544102E+00
+22.53205000E-03,+2.07837689854E+00
+22.53210000E-03,+2.05666835606E+00
+22.53215000E-03,+2.03767339380E+00
+22.53220000E-03,+2.01053769086E+00
+22.53225000E-03,+1.96983418614E+00
+22.53230000E-03,+1.96983418614E+00
+22.53235000E-03,+1.96712060586E+00
+22.53240000E-03,+1.92370352088E+00
+22.53245000E-03,+1.90470855869E+00
+22.53250000E-03,+1.88571359654E+00
+22.53255000E-03,+1.88028643587E+00
+22.53260000E-03,+1.83958293125E+00
+22.53265000E-03,+1.81787438877E+00
+22.53270000E-03,+1.79887942668E+00
+22.53275000E-03,+1.79616584629E+00
+22.53280000E-03,+1.77445730381E+00
+22.53285000E-03,+1.75546234176E+00
+22.53290000E-03,+1.73375379930E+00
+22.53295000E-03,+1.73104021885E+00
+22.53300000E-03,+1.70933167636E+00
+22.53305000E-03,+1.68762313388E+00
+22.53310000E-03,+1.68762313388E+00
+22.53315000E-03,+1.66320101087E+00
+22.53320000E-03,+1.64420604892E+00
+22.53325000E-03,+1.62521108700E+00
+22.53330000E-03,+1.62521108702E+00
+22.53335000E-03,+1.62249750644E+00
+22.53340000E-03,+1.62249750644E+00
+22.53345000E-03,+1.60078896396E+00
+22.53350000E-03,+1.60078896396E+00
+22.53355000E-03,+1.57636684082E+00
+22.53360000E-03,+1.57908042148E+00
+22.53365000E-03,+1.55737187900E+00
+22.53370000E-03,+1.55737187900E+00
+22.53375000E-03,+1.53566333652E+00
+22.53380000E-03,+1.53566333652E+00
+22.53385000E-03,+1.53294975577E+00
+22.53390000E-03,+1.51395479403E+00
+22.53395000E-03,+1.51124121325E+00
+22.53400000E-03,+1.49224625155E+00
+22.53405000E-03,+1.47325128988E+00
+22.53410000E-03,+1.49224625155E+00
+22.53415000E-03,+1.49224625155E+00
+22.53420000E-03,+1.47053770907E+00
+22.53425000E-03,+1.49224625155E+00
+22.53430000E-03,+1.49224625155E+00
+22.53435000E-03,+1.47053770907E+00
+22.53440000E-03,+1.47325128999E+00
+22.53445000E-03,+1.45154274753E+00
+22.53450000E-03,+1.45425632850E+00
+22.53455000E-03,+1.46782412810E+00
+22.53460000E-03,+1.44882916659E+00
+22.53465000E-03,+1.44882916659E+00
+22.53470000E-03,+1.45154274761E+00
+22.53475000E-03,+1.46782412804E+00
+22.53480000E-03,+1.42983420516E+00
+22.53485000E-03,+1.45154274765E+00
+22.53490000E-03,+1.46782412799E+00
+22.53495000E-03,+1.47053770907E+00
+22.53500000E-03,+1.44611558548E+00
+22.53505000E-03,+1.44882916659E+00
+22.53510000E-03,+1.44882916659E+00
+22.53515000E-03,+1.46511054676E+00
+22.53520000E-03,+1.42712062411E+00
+22.53525000E-03,+1.47053770907E+00
+22.53530000E-03,+1.47053770907E+00
+22.53535000E-03,+1.47053770907E+00
+22.53540000E-03,+1.47053770907E+00
+22.53545000E-03,+1.45154274784E+00
+22.53550000E-03,+1.45425632912E+00
+22.53555000E-03,+1.47053770907E+00
+22.53560000E-03,+1.45154274789E+00
+22.53565000E-03,+1.44882916659E+00
+22.53570000E-03,+1.47053770907E+00
+22.53575000E-03,+1.48953267021E+00
+22.53580000E-03,+1.47053770907E+00
+22.53585000E-03,+1.47053770907E+00
+22.53590000E-03,+1.47325129046E+00
+22.53595000E-03,+1.49495983296E+00
+22.53600000E-03,+1.49224625155E+00
+22.53605000E-03,+1.49224625155E+00
+22.53610000E-03,+1.49224625155E+00
+22.53615000E-03,+1.51124121257E+00
+22.53620000E-03,+1.51395479403E+00
+22.53625000E-03,+1.51666837553E+00
+22.53630000E-03,+1.53294975500E+00
+22.53635000E-03,+1.55465829747E+00
+22.53640000E-03,+1.53566333652E+00
+22.53645000E-03,+1.53566333652E+00
+22.53650000E-03,+1.55737187900E+00
+22.53655000E-03,+1.56008546059E+00
+22.53660000E-03,+1.57908042148E+00
+22.53665000E-03,+1.57908042148E+00
+22.53670000E-03,+1.58179400312E+00
+22.53675000E-03,+1.59807538230E+00
+22.53680000E-03,+1.60078896396E+00
+22.53685000E-03,+1.59807538227E+00
+22.53690000E-03,+1.62249750644E+00
+22.53695000E-03,+1.61978392472E+00
+22.53700000E-03,+1.62249750644E+00
+22.53705000E-03,+1.64420604892E+00
+22.53710000E-03,+1.64420604892E+00
+22.53715000E-03,+1.64691963070E+00
+22.53720000E-03,+1.66591459140E+00
+22.53725000E-03,+1.66591459140E+00
+22.53730000E-03,+1.66591459140E+00
+22.53735000E-03,+1.70661809452E+00
+22.53740000E-03,+1.73104021885E+00
+22.53745000E-03,+1.70933167636E+00
+22.53750000E-03,+1.70933167636E+00
+22.53755000E-03,+1.73375380075E+00
+22.53760000E-03,+1.73104021885E+00
+22.53765000E-03,+1.75274876133E+00
+22.53770000E-03,+1.75274876133E+00
+22.53775000E-03,+1.77445730381E+00
+22.53780000E-03,+1.75274876133E+00
+22.53785000E-03,+1.79345226429E+00
+22.53790000E-03,+1.79616584629E+00
+22.53795000E-03,+1.79887942832E+00
+22.53800000E-03,+1.79887942833E+00
+22.53805000E-03,+1.83686934919E+00
+22.53810000E-03,+1.83958293125E+00
+22.53815000E-03,+1.85857789164E+00
+22.53820000E-03,+1.84229651336E+00
+22.53825000E-03,+1.86129147373E+00
+22.53830000E-03,+1.86400505587E+00
+22.53835000E-03,+1.88300001621E+00
+22.53840000E-03,+1.90199497652E+00
+22.53845000E-03,+1.90470855869E+00
+22.53850000E-03,+1.92370351897E+00
+22.53855000E-03,+1.92370351896E+00
+22.53860000E-03,+1.90742214093E+00
+22.53865000E-03,+1.94812564366E+00
+22.53870000E-03,+1.95083922592E+00
+22.53875000E-03,+1.96712060386E+00
+22.53880000E-03,+1.98882914632E+00
+22.53885000E-03,+1.99154272862E+00
+22.53890000E-03,+1.99425631094E+00
+22.53895000E-03,+2.03495981358E+00
+22.53900000E-03,+2.01325127110E+00
+22.53905000E-03,+2.03495981358E+00
+22.53910000E-03,+2.03767339597E+00
+22.53915000E-03,+2.05395477366E+00
+22.53920000E-03,+2.07294973370E+00
+22.53925000E-03,+2.06209552093E+00
+22.53930000E-03,+2.10008544102E+00
+22.53935000E-03,+2.10279902349E+00
+22.53940000E-03,+2.10279902350E+00
+22.53945000E-03,+2.12179398350E+00
+22.53950000E-03,+2.14350252599E+00
+22.53955000E-03,+2.16249748594E+00
+22.53960000E-03,+2.16249748592E+00
+22.53965000E-03,+2.16792465103E+00
+22.53970000E-03,+2.16521106847E+00
+22.53975000E-03,+2.20862815343E+00
+22.53980000E-03,+2.20862815343E+00
+22.53985000E-03,+2.21134173605E+00
+22.53990000E-03,+2.23033669591E+00
+22.53995000E-03,+2.25204523839E+00
+22.54000000E-03,+2.25204523839E+00
+22.54005000E-03,+2.25475882108E+00
+22.54010000E-03,+2.27375378087E+00
+22.54015000E-03,+2.29003515792E+00
+22.54020000E-03,+2.29546232335E+00
+22.54025000E-03,+2.29546232335E+00
+22.54030000E-03,+2.29817590612E+00
+22.54035000E-03,+2.31717086583E+00
+22.54040000E-03,+2.31988444863E+00
+22.54045000E-03,+2.33887940831E+00
+22.54050000E-03,+2.34159299114E+00
+22.54055000E-03,+2.37958291044E+00
+22.54060000E-03,+2.36058795080E+00
+22.54065000E-03,+2.40400503576E+00
+22.54070000E-03,+2.40671861865E+00
+22.54075000E-03,+2.42299999534E+00
+22.54080000E-03,+2.42571357824E+00
+22.54085000E-03,+2.42571357824E+00
+22.54090000E-03,+2.44742212072E+00
+22.54095000E-03,+2.46913066320E+00
+22.54100000E-03,+2.45013570370E+00
+22.54105000E-03,+2.46913066320E+00
+22.54110000E-03,+2.49355278869E+00
+22.54115000E-03,+2.51254774816E+00
+22.54120000E-03,+2.51254774816E+00
+22.54125000E-03,+2.53425629064E+00
+22.54130000E-03,+2.53425629064E+00
+22.54135000E-03,+2.55325125003E+00
+22.54140000E-03,+2.55596483313E+00
+22.54145000E-03,+2.57495979248E+00
+22.54150000E-03,+2.58038695874E+00
+22.54155000E-03,+2.59666833493E+00
+22.54160000E-03,+2.58038695878E+00
+22.54165000E-03,+2.61837687738E+00
+22.54170000E-03,+2.60209550129E+00
+22.54175000E-03,+2.64279900305E+00
+22.54180000E-03,+2.64279900305E+00
+22.54185000E-03,+2.66450754553E+00
+22.54190000E-03,+2.66450754553E+00
+22.54195000E-03,+2.68350250473E+00
+22.54200000E-03,+2.68350250472E+00
+22.54205000E-03,+2.68892967132E+00
+22.54210000E-03,+2.70792463049E+00
+22.54215000E-03,+2.72963317297E+00
+22.54220000E-03,+2.72963317297E+00
+22.54225000E-03,+2.72963317297E+00
+22.54230000E-03,+2.73234675636E+00
+22.54235000E-03,+2.75134171546E+00
+22.54240000E-03,+2.77305025794E+00
+22.54245000E-03,+2.77576384137E+00
+22.54250000E-03,+2.77576384139E+00
+22.54255000E-03,+2.81375375943E+00
+22.54260000E-03,+2.79475880042E+00
+22.54265000E-03,+2.81918092639E+00
+22.54270000E-03,+2.83817588538E+00
+22.54275000E-03,+2.85445726081E+00
+22.54280000E-03,+2.85988442786E+00
+22.54285000E-03,+2.85988442786E+00
+22.54290000E-03,+2.84360305253E+00
+22.54295000E-03,+2.87887938675E+00
+22.54300000E-03,+2.88159297034E+00
+22.54305000E-03,+2.88430655396E+00
+22.54310000E-03,+2.90330151282E+00
+22.54315000E-03,+2.90330151282E+00
+22.54320000E-03,+2.90330151282E+00
+22.54325000E-03,+2.92501005530E+00
+22.54330000E-03,+2.92501005530E+00
+22.54335000E-03,+2.92501005530E+00
+22.54340000E-03,+2.94671859778E+00
+22.54345000E-03,+2.94671859778E+00
+22.54350000E-03,+2.96842714027E+00
+22.54355000E-03,+2.98742209897E+00
+22.54360000E-03,+2.97114072406E+00
+22.54365000E-03,+2.99013568275E+00
+22.54370000E-03,+2.99013568275E+00
+22.54375000E-03,+2.99013568275E+00
+22.54380000E-03,+2.99013568275E+00
+22.54385000E-03,+3.00913064136E+00
+22.54390000E-03,+3.03355276771E+00
+22.54395000E-03,+3.03355276771E+00
+22.54400000E-03,+3.01184422523E+00
+22.54405000E-03,+3.03355276771E+00
+22.54410000E-03,+3.05254772624E+00
+22.54415000E-03,+3.05254772623E+00
+22.54420000E-03,+3.01455780921E+00
+22.54425000E-03,+3.05254772619E+00
+22.54430000E-03,+3.05254772618E+00
+22.54435000E-03,+3.05254772616E+00
+22.54440000E-03,+3.05254772615E+00
+22.54445000E-03,+3.03355276771E+00
+22.54450000E-03,+3.05526131019E+00
+22.54455000E-03,+3.05526131019E+00
+22.54460000E-03,+3.03897993592E+00
+22.54465000E-03,+3.05526131019E+00
+22.54470000E-03,+3.05526131019E+00
+22.54475000E-03,+3.07696985267E+00
+22.54480000E-03,+3.07425626850E+00
+22.54485000E-03,+3.05254772601E+00
+22.54490000E-03,+3.03626635191E+00
+22.54495000E-03,+3.05254772598E+00
+22.54500000E-03,+3.05526131019E+00
+22.54505000E-03,+3.03355276771E+00
+22.54510000E-03,+3.03626635197E+00
+22.54515000E-03,+3.05254772591E+00
+22.54520000E-03,+3.03083918342E+00
+22.54525000E-03,+3.05254772588E+00
+22.54530000E-03,+3.01455780955E+00
+22.54535000E-03,+3.03355276771E+00
+22.54540000E-03,+3.01184422523E+00
+22.54545000E-03,+3.00913064086E+00
+22.54550000E-03,+3.01455780961E+00
+22.54555000E-03,+3.00641705643E+00
+22.54560000E-03,+3.01184422523E+00
+22.54565000E-03,+2.97114072470E+00
+22.54570000E-03,+2.97114072471E+00
+22.54575000E-03,+2.98742209828E+00
+22.54580000E-03,+2.96842714027E+00
+22.54585000E-03,+2.96571355577E+00
+22.54590000E-03,+2.94943218230E+00
+22.54595000E-03,+2.94671859778E+00
+22.54600000E-03,+2.94671859778E+00
+22.54605000E-03,+2.94400501323E+00
+22.54610000E-03,+2.92772363988E+00
+22.54615000E-03,+2.94671859778E+00
+22.54620000E-03,+2.94400501318E+00
+22.54625000E-03,+2.90330151282E+00
+22.54630000E-03,+2.92501005530E+00
+22.54635000E-03,+2.90330151282E+00
+22.54640000E-03,+2.88159297034E+00
+22.54645000E-03,+2.90058792814E+00
+22.54650000E-03,+2.88159297034E+00
+22.54655000E-03,+2.86259801257E+00
+22.54660000E-03,+2.88159297034E+00
+22.54665000E-03,+2.85988442786E+00
+22.54670000E-03,+2.85988442786E+00
+22.54675000E-03,+2.85988442786E+00
+22.54680000E-03,+2.85445725828E+00
+22.54685000E-03,+2.83817588538E+00
+22.54690000E-03,+2.83817588538E+00
+22.54695000E-03,+2.83546230054E+00
+22.54700000E-03,+2.81646734290E+00
+22.54705000E-03,+2.81375375803E+00
+22.54710000E-03,+2.80018597019E+00
+22.54715000E-03,+2.83546230048E+00
+22.54720000E-03,+2.81375375798E+00
+22.54725000E-03,+2.77576384287E+00
+22.54730000E-03,+2.79475880042E+00
+22.54735000E-03,+2.83274871545E+00
+22.54740000E-03,+2.79747238540E+00
+22.54745000E-03,+2.79204521542E+00
+22.54750000E-03,+2.79475880042E+00
+22.54755000E-03,+2.79475880042E+00
+22.54760000E-03,+2.77305025794E+00
+22.54765000E-03,+2.77576384299E+00
+22.54770000E-03,+2.79475880042E+00
+22.54775000E-03,+2.77576384302E+00
+22.54780000E-03,+2.79204521531E+00
+22.54785000E-03,+2.77305025794E+00
+22.54790000E-03,+2.77576384307E+00
+22.54795000E-03,+2.79204521527E+00
+22.54800000E-03,+2.75405530062E+00
+22.54805000E-03,+2.77305025794E+00
+22.54810000E-03,+2.75676888585E+00
+22.54815000E-03,+2.77033667272E+00
+22.54820000E-03,+2.75134171546E+00
+22.54825000E-03,+2.75134171546E+00
+22.54830000E-03,+2.75405530071E+00
+22.54835000E-03,+2.77305025794E+00
+22.54840000E-03,+2.77305025794E+00
+22.54845000E-03,+2.75405530076E+00
+22.54850000E-03,+2.77305025794E+00
+22.54855000E-03,+2.79475880042E+00
+22.54860000E-03,+2.77305025794E+00
+22.54865000E-03,+2.77576384331E+00
+22.54870000E-03,+2.79747238580E+00
+22.54875000E-03,+2.81375375750E+00
+22.54880000E-03,+2.79475880042E+00
+22.54885000E-03,+2.77576384337E+00
+22.54890000E-03,+2.79475880042E+00
+22.54895000E-03,+2.79475880042E+00
+22.54900000E-03,+2.79475880042E+00
+22.54905000E-03,+2.81375375740E+00
+22.54910000E-03,+2.79747238593E+00
+22.54915000E-03,+2.81375375737E+00
+22.54920000E-03,+2.83274871430E+00
+22.54925000E-03,+2.81375375734E+00
+22.54930000E-03,+2.81646734290E+00
+22.54935000E-03,+2.83546229979E+00
+22.54940000E-03,+2.81646734290E+00
+22.54945000E-03,+2.83546229976E+00
+22.54950000E-03,+2.80018597169E+00
+22.54955000E-03,+2.83546229973E+00
+22.54960000E-03,+2.81918092856E+00
+22.54965000E-03,+2.83817588538E+00
+22.54970000E-03,+2.85988442786E+00
+22.54975000E-03,+2.87616579892E+00
+22.54980000E-03,+2.87887938461E+00
+22.54985000E-03,+2.85988442786E+00
+22.54990000E-03,+2.88159297034E+00
+22.54995000E-03,+2.88159297034E+00
+22.55000000E-03,+2.90058792703E+00
+22.55005000E-03,+2.90330151282E+00
+22.55010000E-03,+2.90330151282E+00
+22.55015000E-03,+2.90058792699E+00
+22.55020000E-03,+2.90330151282E+00
+22.55025000E-03,+2.94400501192E+00
+22.55030000E-03,+2.94671859778E+00
+22.55035000E-03,+2.94400501189E+00
+22.55040000E-03,+2.92501005530E+00
+22.55045000E-03,+2.94671859778E+00
+22.55050000E-03,+2.94943218373E+00
+22.55055000E-03,+2.94671859778E+00
+22.55060000E-03,+2.96571355429E+00
+22.55065000E-03,+2.98470851076E+00
+22.55070000E-03,+2.96842714027E+00
+22.55075000E-03,+2.96842714027E+00
+22.55080000E-03,+2.98742209671E+00
+22.55085000E-03,+2.97114072632E+00
+22.55090000E-03,+2.97114072634E+00
+22.55095000E-03,+3.00913063914E+00
+22.55100000E-03,+3.01184422523E+00
+22.55105000E-03,+3.00913063911E+00
+22.55110000E-03,+3.01184422523E+00
+22.55115000E-03,+3.03083918156E+00
+22.55120000E-03,+3.03083918154E+00
+22.55125000E-03,+3.03355276771E+00
+22.55130000E-03,+3.03626635391E+00
+22.55135000E-03,+3.03355276771E+00
+22.55140000E-03,+3.03083918148E+00
+22.55145000E-03,+3.03355276771E+00
+22.55150000E-03,+3.05526131019E+00
+22.55155000E-03,+3.05526131019E+00
+22.55160000E-03,+3.03626635400E+00
+22.55165000E-03,+3.07696985267E+00
+22.55170000E-03,+3.05526131019E+00
+22.55175000E-03,+3.07696985267E+00
+22.55180000E-03,+3.07696985267E+00
+22.55185000E-03,+3.07696985267E+00
+22.55190000E-03,+3.07696985267E+00
+22.55195000E-03,+3.09596480875E+00
+22.55200000E-03,+3.09867839515E+00
+22.55205000E-03,+3.07696985267E+00
+22.55210000E-03,+3.07968343912E+00
+22.55215000E-03,+3.09867839515E+00
+22.55220000E-03,+3.09596480868E+00
+22.55225000E-03,+3.07968343916E+00
+22.55230000E-03,+3.07696985267E+00
+22.55235000E-03,+3.07696985267E+00
+22.55240000E-03,+3.07696985267E+00
+22.55245000E-03,+3.09596480860E+00
+22.55250000E-03,+3.07968343924E+00
+22.55255000E-03,+3.09325122198E+00
+22.55260000E-03,+3.05797489679E+00
+22.55265000E-03,+3.05797489681E+00
+22.55270000E-03,+3.05797489682E+00
+22.55275000E-03,+3.07696985267E+00
+22.55280000E-03,+3.05526131019E+00
+22.55285000E-03,+3.05797489687E+00
+22.55290000E-03,+3.03897994110E+00
+22.55295000E-03,+3.05526131019E+00
+22.55300000E-03,+3.05526131019E+00
+22.55305000E-03,+3.03626635445E+00
+22.55310000E-03,+3.03626635447E+00
+22.55315000E-03,+3.03626635448E+00
+22.55320000E-03,+3.03355276771E+00
+22.55325000E-03,+3.03355276771E+00
+22.55330000E-03,+3.01455781205E+00
+22.55335000E-03,+3.01455781206E+00
+22.55340000E-03,+3.01455781208E+00
+22.55345000E-03,+2.99013568275E+00
+22.55350000E-03,+3.01184422523E+00
+22.55355000E-03,+2.99013568275E+00
+22.55360000E-03,+2.96842714027E+00
+22.55365000E-03,+2.96842714027E+00
+22.55370000E-03,+2.96842714027E+00
+22.55375000E-03,+2.99013568275E+00
+22.55380000E-03,+2.94671859778E+00
+22.55385000E-03,+2.94671859778E+00
+22.55390000E-03,+2.94943218479E+00
+22.55395000E-03,+2.96299996622E+00
+22.55400000E-03,+2.92772364234E+00
+22.55405000E-03,+2.90601509988E+00
+22.55410000E-03,+2.92501005530E+00
+22.55415000E-03,+2.94400501070E+00
+22.55420000E-03,+2.91958288110E+00
+22.55425000E-03,+2.88159297034E+00
+22.55430000E-03,+2.88159297034E+00
+22.55435000E-03,+2.88159297034E+00
+22.55440000E-03,+2.86259801502E+00
+22.55445000E-03,+2.87887938316E+00
+22.55450000E-03,+2.86259801506E+00
+22.55455000E-03,+2.85988442786E+00
+22.55460000E-03,+2.83817588538E+00
+22.55465000E-03,+2.84088947262E+00
+22.55470000E-03,+2.81918093016E+00
+22.55475000E-03,+2.83817588538E+00
+22.55480000E-03,+2.83546229809E+00
+22.55485000E-03,+2.81646734290E+00
+22.55490000E-03,+2.81646734290E+00
+22.55495000E-03,+2.81375375556E+00
+22.55500000E-03,+2.81375375555E+00
+22.55505000E-03,+2.79475880042E+00
+22.55510000E-03,+2.81375375552E+00
+22.55515000E-03,+2.81375375550E+00
+22.55520000E-03,+2.79475880042E+00
+22.55525000E-03,+2.79475880042E+00
+22.55530000E-03,+2.79475880042E+00
+22.55535000E-03,+2.77305025794E+00
+22.55540000E-03,+2.79204521294E+00
+22.55545000E-03,+2.77305025794E+00
+22.55550000E-03,+2.77576384544E+00
+22.55555000E-03,+2.77305025794E+00
+22.55560000E-03,+2.77305025794E+00
+22.55565000E-03,+2.75405530301E+00
+22.55570000E-03,+2.75405530302E+00
+22.55575000E-03,+2.77033667035E+00
+22.55580000E-03,+2.75405530306E+00
+22.55585000E-03,+2.75405530307E+00
+22.55590000E-03,+2.75405530309E+00
+22.55595000E-03,+2.77033667029E+00
+22.55600000E-03,+2.75134171546E+00
+22.55605000E-03,+2.73234676065E+00
+22.55610000E-03,+2.75405530315E+00
+22.55615000E-03,+2.77305025794E+00
+22.55620000E-03,+2.75134171546E+00
+22.55625000E-03,+2.77033667020E+00
+22.55630000E-03,+2.77305025794E+00
+22.55635000E-03,+2.77033667016E+00
+22.55640000E-03,+2.75134171546E+00
+22.55645000E-03,+2.77033667013E+00
+22.55650000E-03,+2.75405530327E+00
+22.55655000E-03,+2.79204521258E+00
+22.55660000E-03,+2.75405530331E+00
+22.55665000E-03,+2.77305025794E+00
+22.55670000E-03,+2.79204521254E+00
+22.55675000E-03,+2.79475880042E+00
+22.55680000E-03,+2.77305025794E+00
+22.55685000E-03,+2.77576384586E+00
+22.55690000E-03,+2.79475880042E+00
+22.55695000E-03,+2.79475880042E+00
+22.55700000E-03,+2.79475880042E+00
+22.55705000E-03,+2.79475880042E+00
+22.55710000E-03,+2.81646734290E+00
+22.55715000E-03,+2.81646734290E+00
+22.55720000E-03,+2.79747238845E+00
+22.55725000E-03,+2.81646734290E+00
+22.55730000E-03,+2.83817588538E+00
+22.55735000E-03,+2.83817588538E+00
+22.55740000E-03,+2.83817588538E+00
+22.55745000E-03,+2.83817588538E+00
+22.55750000E-03,+2.85988442786E+00
+22.55755000E-03,+2.85988442786E+00
+22.55760000E-03,+2.85988442786E+00
+22.55765000E-03,+2.83817588538E+00
+22.55770000E-03,+2.87887938215E+00
+22.55775000E-03,+2.87887938213E+00
+22.55780000E-03,+2.87616579389E+00
+22.55785000E-03,+2.88159297034E+00
+22.55790000E-03,+2.86259801612E+00
+22.55795000E-03,+2.88430655861E+00
+22.55800000E-03,+2.88159297034E+00
+22.55805000E-03,+2.88430655864E+00
+22.55810000E-03,+2.90330151282E+00
+22.55815000E-03,+2.90330151282E+00
+22.55820000E-03,+2.92501005530E+00
+22.55825000E-03,+2.92501005530E+00
+22.55830000E-03,+2.92501005530E+00
+22.55835000E-03,+2.94671859778E+00
+22.55840000E-03,+2.94400500937E+00
+22.55845000E-03,+2.92772364373E+00
+22.55850000E-03,+2.94671859778E+00
+22.55855000E-03,+2.96842714027E+00
+22.55860000E-03,+2.96571355179E+00
+22.55865000E-03,+2.96842714027E+00
+22.55870000E-03,+2.97114072877E+00
+22.55875000E-03,+2.99013568275E+00
+22.55880000E-03,+2.99013568275E+00
+22.55885000E-03,+2.99013568275E+00
+22.55890000E-03,+3.01184422523E+00
+22.55895000E-03,+2.99284927133E+00
+22.55900000E-03,+3.01184422523E+00
+22.55905000E-03,+3.03355276771E+00
+22.55910000E-03,+3.01455781386E+00
+22.55915000E-03,+3.03083917906E+00
+22.55920000E-03,+3.02812559038E+00
+22.55925000E-03,+3.05526131019E+00
+22.55930000E-03,+3.03626635640E+00
+22.55935000E-03,+3.05254772148E+00
+22.55940000E-03,+3.05526131019E+00
+22.55945000E-03,+3.07425626393E+00
+22.55950000E-03,+3.05526131019E+00
+22.55955000E-03,+3.07696985267E+00
+22.55960000E-03,+3.05526131019E+00
+22.55965000E-03,+3.05526131019E+00
+22.55970000E-03,+3.05797489901E+00
+22.55975000E-03,+3.07968344150E+00
+22.55980000E-03,+3.05797489904E+00
+22.55985000E-03,+3.07696985267E+00
+22.55990000E-03,+3.07968344155E+00
+22.55995000E-03,+3.07425626377E+00
+22.56000000E-03,+3.05797489910E+00
+22.56005000E-03,+3.07696985267E+00
+22.56010000E-03,+3.07696985267E+00
+22.56015000E-03,+3.07696985267E+00
+22.56020000E-03,+3.07696985267E+00
+22.56025000E-03,+3.09596480616E+00
+22.56030000E-03,+3.09867839515E+00
+22.56035000E-03,+3.09596480613E+00
+22.56040000E-03,+3.07425626363E+00
+22.56045000E-03,+3.07696985267E+00
+22.56050000E-03,+3.07968344174E+00
+22.56055000E-03,+3.07696985267E+00
+22.56060000E-03,+3.07696985267E+00
+22.56065000E-03,+3.07696985267E+00
+22.56070000E-03,+3.05526131019E+00
+22.56075000E-03,+3.07425626353E+00
+22.56080000E-03,+3.05526131019E+00
+22.56085000E-03,+3.05526131019E+00
+22.56090000E-03,+3.05526131019E+00
+22.56095000E-03,+3.05526131019E+00
+22.56100000E-03,+3.03355276771E+00
+22.56105000E-03,+3.03355276771E+00
+22.56110000E-03,+3.05526131019E+00
+22.56115000E-03,+3.03083917844E+00
+22.56120000E-03,+3.00913063594E+00
+22.56125000E-03,+3.01455781453E+00
+22.56130000E-03,+3.01455781455E+00
+22.56135000E-03,+3.03083917838E+00
+22.56140000E-03,+3.00913063588E+00
+22.56145000E-03,+2.99013568275E+00
+22.56150000E-03,+2.99013568275E+00
+22.56155000E-03,+3.00641704644E+00
+22.56160000E-03,+2.96842714027E+00
+22.56165000E-03,+2.99013568275E+00
+22.56170000E-03,+2.94943218723E+00
+22.56175000E-03,+2.94943218724E+00
+22.56180000E-03,+2.94400500831E+00
+22.56185000E-03,+2.92501005530E+00
+22.56190000E-03,+2.94671859778E+00
+22.56195000E-03,+2.92229646578E+00
+22.56200000E-03,+2.92229646577E+00
+22.56205000E-03,+2.90330151282E+00
+22.56210000E-03,+2.90601510239E+00
+22.56215000E-03,+2.90601510241E+00
+22.56220000E-03,+2.90058792322E+00
+22.56225000E-03,+2.88159297034E+00
+22.56230000E-03,+2.87887938071E+00
+22.56235000E-03,+2.87887938070E+00
+22.56240000E-03,+2.85988442786E+00
+22.56245000E-03,+2.84088947506E+00
+22.56250000E-03,+2.84088947507E+00
+22.56255000E-03,+2.85988442786E+00
+22.56260000E-03,+2.85445724841E+00
+22.56265000E-03,+2.83546229564E+00
+22.56270000E-03,+2.81918093265E+00
+22.56275000E-03,+2.81918093267E+00
+22.56280000E-03,+2.81646734290E+00
+22.56285000E-03,+2.81375375310E+00
+22.56290000E-03,+2.79747239023E+00
+22.56295000E-03,+2.81646734290E+00
+22.56300000E-03,+2.81375375305E+00
+22.56305000E-03,+2.79475880042E+00
+22.56310000E-03,+2.77576384782E+00
+22.56315000E-03,+2.79204521052E+00
+22.56320000E-03,+2.77576384785E+00
+22.56325000E-03,+2.77576384786E+00
+22.56330000E-03,+2.79475880042E+00
+22.56335000E-03,+2.77305025794E+00
+22.56340000E-03,+2.77305025794E+00
+22.56345000E-03,+2.75405530544E+00
+22.56350000E-03,+2.77305025794E+00
+22.56355000E-03,+2.79204521040E+00
+22.56360000E-03,+2.77305025794E+00
+22.56365000E-03,+2.77305025794E+00
+22.56370000E-03,+2.77576384800E+00
+22.56375000E-03,+2.77305025794E+00
+22.56380000E-03,+2.77305025794E+00
+22.56385000E-03,+2.77305025794E+00
+22.56390000E-03,+2.77305025794E+00
+22.56395000E-03,+2.79204521027E+00
+22.56400000E-03,+2.75405530562E+00
+22.56405000E-03,+2.75405530563E+00
+22.56410000E-03,+2.79475880042E+00
+22.56415000E-03,+2.79204521021E+00
+22.56420000E-03,+2.77305025794E+00
+22.56425000E-03,+2.77305025794E+00
+22.56430000E-03,+2.77305025794E+00
+22.56435000E-03,+2.79204521015E+00
+22.56440000E-03,+2.77305025794E+00
+22.56445000E-03,+2.79475880042E+00
+22.56450000E-03,+2.79204521010E+00
+22.56455000E-03,+2.81375375257E+00
+22.56460000E-03,+2.77305025794E+00
+22.56465000E-03,+2.77576384830E+00
+22.56470000E-03,+2.77305025794E+00
+22.56475000E-03,+2.79475880042E+00
+22.56480000E-03,+2.81646734290E+00
+22.56485000E-03,+2.79747239084E+00
+22.56490000E-03,+2.81918093334E+00
+22.56495000E-03,+2.81375375244E+00
+22.56500000E-03,+2.81918093337E+00
+22.56505000E-03,+2.79747239091E+00
+22.56510000E-03,+2.81918093340E+00
+22.56515000E-03,+2.84088947590E+00
+22.56520000E-03,+2.83817588538E+00
+22.56525000E-03,+2.87616578924E+00
+22.56530000E-03,+2.84088947595E+00
+22.56535000E-03,+2.85988442786E+00
+22.56540000E-03,+2.84088947598E+00
+22.56545000E-03,+2.85988442786E+00
+22.56550000E-03,+2.85988442786E+00
+22.56555000E-03,+2.88159297034E+00
+22.56560000E-03,+2.85988442786E+00
+22.56565000E-03,+2.88159297034E+00
+22.56570000E-03,+2.88159297034E+00
+22.56575000E-03,+2.90058792212E+00
+22.56580000E-03,+2.90058792210E+00
+22.56585000E-03,+2.90601510356E+00
+22.56590000E-03,+2.92501005530E+00
+22.56595000E-03,+2.91958287377E+00
+22.56600000E-03,+2.90330151282E+00
+22.56605000E-03,+2.92501005530E+00
+22.56610000E-03,+2.92772364612E+00
+22.56615000E-03,+2.92501005530E+00
+22.56620000E-03,+2.94671859778E+00
+22.56625000E-03,+2.92501005530E+00
+22.56630000E-03,+2.94671859778E+00
+22.56635000E-03,+2.96842714027E+00
+22.56640000E-03,+2.96842714027E+00
+22.56645000E-03,+2.96842714027E+00
+22.56650000E-03,+2.96842714027E+00
+22.56655000E-03,+3.00913063427E+00
+22.56660000E-03,+3.00913063426E+00
+22.56665000E-03,+2.99013568275E+00
+22.56670000E-03,+3.01184422523E+00
+22.56675000E-03,+3.00913063421E+00
+22.56680000E-03,+3.01184422523E+00
+22.56685000E-03,+3.01455781628E+00
+22.56690000E-03,+3.03355276771E+00
+22.56695000E-03,+3.03355276771E+00
+22.56700000E-03,+3.03083917661E+00
+22.56705000E-03,+3.03355276771E+00
+22.56710000E-03,+3.03626635884E+00
+22.56715000E-03,+3.05254771905E+00
+22.56720000E-03,+3.03626635887E+00
+22.56725000E-03,+3.05526131019E+00
+22.56730000E-03,+3.07425626148E+00
+22.56735000E-03,+3.07425626147E+00
+22.56740000E-03,+3.05526131019E+00
+22.56745000E-03,+3.05254771895E+00
+22.56750000E-03,+3.07696985267E+00
+22.56755000E-03,+3.07425626140E+00
+22.56760000E-03,+3.09867839515E+00
+22.56765000E-03,+3.09867839515E+00
+22.56770000E-03,+3.07696985267E+00
+22.56775000E-03,+3.07425626134E+00
+22.56780000E-03,+3.07696985267E+00
+22.56785000E-03,+3.07696985267E+00
+22.56790000E-03,+3.09867839515E+00
+22.56795000E-03,+3.09867839515E+00
+22.56800000E-03,+3.07696985267E+00
+22.56805000E-03,+3.09596480373E+00
+22.56810000E-03,+3.08239703555E+00
+22.56815000E-03,+3.09596480370E+00
+22.56820000E-03,+3.09596480368E+00
+22.56825000E-03,+3.07696985267E+00
+22.56830000E-03,+3.09867839515E+00
+22.56835000E-03,+3.09867839515E+00
+22.56840000E-03,+3.07696985267E+00
+22.56845000E-03,+3.07425626112E+00
+22.56850000E-03,+3.07696985267E+00
+22.56855000E-03,+3.07696985267E+00
+22.56860000E-03,+3.05797490179E+00
+22.56865000E-03,+3.05254771858E+00
+22.56870000E-03,+3.05526131019E+00
+22.56875000E-03,+3.05526131019E+00
+22.56880000E-03,+3.05254771853E+00
+22.56885000E-03,+3.03355276771E+00
+22.56890000E-03,+3.03626635940E+00
+22.56895000E-03,+3.03355276771E+00
+22.56900000E-03,+3.03355276771E+00
+22.56905000E-03,+3.01184422523E+00
+22.56910000E-03,+3.01184422523E+00
+22.56915000E-03,+2.99284927451E+00
+22.56920000E-03,+2.97114073205E+00
+22.56925000E-03,+2.98742209095E+00
+22.56930000E-03,+2.99013568275E+00
+22.56935000E-03,+2.98742209092E+00
+22.56940000E-03,+2.97114073211E+00
+22.56945000E-03,+2.94943218965E+00
+22.56950000E-03,+2.96842714027E+00
+22.56955000E-03,+2.96842714027E+00
+22.56960000E-03,+2.94671859778E+00
+22.56965000E-03,+2.94400500586E+00
+22.56970000E-03,+2.92772364724E+00
+22.56975000E-03,+2.94671859778E+00
+22.56980000E-03,+2.94400500581E+00
+22.56985000E-03,+2.90601510481E+00
+22.56990000E-03,+2.90601510482E+00
+22.56995000E-03,+2.90058792081E+00
+22.57000000E-03,+2.88159297034E+00
+22.57005000E-03,+2.88159297034E+00
+22.57010000E-03,+2.88430656241E+00
+22.57015000E-03,+2.88159297034E+00
+22.57020000E-03,+2.85988442786E+00
+22.57025000E-03,+2.85988442786E+00
+22.57030000E-03,+2.85988442786E+00
+22.57035000E-03,+2.85988442786E+00
+22.57040000E-03,+2.83546229322E+00
+22.57045000E-03,+2.81918093507E+00
+22.57050000E-03,+2.83817588538E+00
+22.57055000E-03,+2.81918093510E+00
+22.57060000E-03,+2.81646734290E+00
+22.57065000E-03,+2.81646734290E+00
+22.57070000E-03,+2.79747239267E+00
+22.57075000E-03,+2.81375375063E+00
+22.57080000E-03,+2.83274870081E+00
+22.57085000E-03,+2.79475880042E+00
+22.57090000E-03,+2.79475880042E+00
+22.57095000E-03,+2.79475880042E+00
+22.57100000E-03,+2.79475880042E+00
+22.57105000E-03,+2.79475880042E+00
+22.57110000E-03,+2.77305025794E+00
+22.57115000E-03,+2.77576385033E+00
+22.57120000E-03,+2.79204520801E+00
+22.57125000E-03,+2.77305025794E+00
+22.57130000E-03,+2.79204520798E+00
+22.57135000E-03,+2.79204520796E+00
+22.57140000E-03,+2.77033666547E+00
+22.57145000E-03,+2.77305025794E+00
+22.57150000E-03,+2.77576385044E+00
+22.57155000E-03,+2.77305025794E+00
+22.57160000E-03,+2.77305025794E+00
+22.57165000E-03,+2.77305025794E+00
+22.57170000E-03,+2.77305025794E+00
+22.57175000E-03,+2.77576385052E+00
+22.57180000E-03,+2.75405530805E+00
+22.57185000E-03,+2.75405530807E+00
+22.57190000E-03,+2.77305025794E+00
+22.57195000E-03,+2.77576385058E+00
+22.57200000E-03,+2.75405530811E+00
+22.57205000E-03,+2.77033666526E+00
+22.57210000E-03,+2.77576385062E+00
+22.57215000E-03,+2.79204520771E+00
+22.57220000E-03,+2.77305025794E+00
+22.57225000E-03,+2.77576385067E+00
+22.57230000E-03,+2.79475880042E+00
+22.57235000E-03,+2.79475880042E+00
+22.57240000E-03,+2.79204520764E+00
+22.57245000E-03,+2.79475880042E+00
+22.57250000E-03,+2.79747239323E+00
+22.57255000E-03,+2.79475880042E+00
+22.57260000E-03,+2.79475880042E+00
+22.57265000E-03,+2.81646734290E+00
+22.57270000E-03,+2.81646734290E+00
+22.57275000E-03,+2.81375375001E+00
+22.57280000E-03,+2.81375374999E+00
+22.57285000E-03,+2.81918093582E+00
+22.57290000E-03,+2.81918093584E+00
+22.57295000E-03,+2.83817588538E+00
+22.57300000E-03,+2.83817588538E+00
+22.57305000E-03,+2.83817588538E+00
+22.57310000E-03,+2.84088947838E+00
+22.57315000E-03,+2.85988442786E+00
+22.57320000E-03,+2.85988442786E+00
+22.57325000E-03,+2.83817588538E+00
+22.57330000E-03,+2.87887937728E+00
+22.57335000E-03,+2.85988442786E+00
+22.57340000E-03,+2.86259802095E+00
+22.57345000E-03,+2.88159297034E+00
+22.57350000E-03,+2.88159297034E+00
+22.57355000E-03,+2.90330151282E+00
+22.57360000E-03,+2.88430656350E+00
+22.57365000E-03,+2.90058791965E+00
+22.57370000E-03,+2.92229646212E+00
+22.57375000E-03,+2.92501005530E+00
+22.57380000E-03,+2.92229646208E+00
+22.57385000E-03,+2.94400500455E+00
+22.57390000E-03,+2.92772364855E+00
+22.57395000E-03,+2.94400500452E+00
+22.57400000E-03,+2.96299995370E+00
+22.57405000E-03,+2.92501005530E+00
+22.57410000E-03,+2.94943219110E+00
+22.57415000E-03,+2.94943219111E+00
+22.57420000E-03,+2.97114073361E+00
+22.57425000E-03,+2.96842714027E+00
+22.57430000E-03,+2.97114073364E+00
+22.57435000E-03,+2.99013568275E+00
+22.57440000E-03,+2.99013568275E+00
+22.57445000E-03,+2.99284927617E+00
+22.57450000E-03,+2.99284927618E+00
+22.57455000E-03,+3.03083917426E+00
+22.57460000E-03,+3.01184422523E+00
+22.57465000E-03,+3.01184422523E+00
+22.57470000E-03,+3.05254771669E+00
+22.57475000E-03,+3.03355276771E+00
+22.57480000E-03,+3.03355276771E+00
+22.57485000E-03,+3.03355276771E+00
+22.57490000E-03,+3.05526131019E+00
+22.57495000E-03,+3.05526131019E+00
+22.57500000E-03,+3.05526131019E+00
+22.57505000E-03,+3.05797490380E+00
+22.57510000E-03,+3.05797490381E+00
+22.57515000E-03,+3.05526131019E+00
+22.57520000E-03,+3.07425625902E+00
+22.57525000E-03,+3.05797490386E+00
+22.57530000E-03,+3.05797490388E+00
+22.57535000E-03,+3.09596480145E+00
+22.57540000E-03,+3.07425625895E+00
+22.57545000E-03,+3.05797490392E+00
+22.57550000E-03,+3.07968344642E+00
+22.57555000E-03,+3.07696985267E+00
+22.57560000E-03,+3.09867839515E+00
+22.57565000E-03,+3.09596480136E+00
+22.57570000E-03,+3.05797490400E+00
+22.57575000E-03,+3.09867839515E+00
+22.57580000E-03,+3.09867839515E+00
+22.57585000E-03,+3.09596480129E+00
+22.57590000E-03,+3.07968344655E+00
+22.57595000E-03,+3.09867839515E+00
+22.57600000E-03,+3.07696985267E+00
+22.57605000E-03,+3.07696985267E+00
+22.57610000E-03,+3.07968344661E+00
+22.57615000E-03,+3.07425625872E+00
+22.57620000E-03,+3.05526131019E+00
+22.57625000E-03,+3.07425625869E+00
+22.57630000E-03,+3.07696985267E+00
+22.57635000E-03,+3.05526131019E+00
+22.57640000E-03,+3.05526131019E+00
+22.57645000E-03,+3.05526131019E+00
+22.57650000E-03,+3.05526131019E+00
+22.57655000E-03,+3.07154266452E+00
+22.57660000E-03,+3.01455781932E+00
+22.57665000E-03,+3.03083917360E+00
+22.57670000E-03,+3.03355276771E+00
+22.57675000E-03,+3.05254771605E+00
+22.57680000E-03,+3.01184422523E+00
+22.57685000E-03,+3.01184422523E+00
+22.57690000E-03,+3.01184422523E+00
+22.57695000E-03,+3.00913063103E+00
+22.57700000E-03,+2.99013568275E+00
+22.57705000E-03,+2.99284927698E+00
+22.57710000E-03,+2.99284927700E+00
+22.57715000E-03,+2.98742208848E+00
+22.57720000E-03,+2.96842714027E+00
+22.57725000E-03,+2.94671859778E+00
+22.57730000E-03,+2.94671859778E+00
+22.57735000E-03,+2.96571354594E+00
+22.57740000E-03,+2.94943219213E+00
+22.57745000E-03,+2.94671859778E+00
+22.57750000E-03,+2.92772364968E+00
+22.57755000E-03,+2.94400500340E+00
+22.57760000E-03,+2.92229646090E+00
+22.57765000E-03,+2.92501005530E+00
+22.57770000E-03,+2.90601510726E+00
+22.57775000E-03,+2.90058791837E+00
+22.57780000E-03,+2.86259802233E+00
+22.57785000E-03,+2.88159297034E+00
+22.57790000E-03,+2.88430656484E+00
+22.57795000E-03,+2.87887937583E+00
+22.57800000E-03,+2.86259802239E+00
+22.57805000E-03,+2.83817588538E+00
+22.57810000E-03,+2.84088947994E+00
+22.57815000E-03,+2.85717083328E+00
+22.57820000E-03,+2.83817588538E+00
+22.57825000E-03,+2.81918093751E+00
+22.57830000E-03,+2.83817588538E+00
+22.57835000E-03,+2.83817588538E+00
+22.57840000E-03,+2.83546229072E+00
+22.57845000E-03,+2.79747239509E+00
+22.57850000E-03,+2.81918093758E+00
+22.57855000E-03,+2.81918093760E+00
+22.57860000E-03,+2.81375374818E+00
+22.57865000E-03,+2.79475880042E+00
+22.57870000E-03,+2.79747239517E+00
+22.57875000E-03,+2.79747239518E+00
+22.57880000E-03,+2.79204520564E+00
+22.57885000E-03,+2.77576385273E+00
+22.57890000E-03,+2.79475880042E+00
+22.57895000E-03,+2.77305025794E+00
+22.57900000E-03,+2.79204520558E+00
+22.57905000E-03,+2.75134171546E+00
+22.57910000E-03,+2.79475880042E+00
+22.57915000E-03,+2.79204520553E+00
+22.57920000E-03,+2.79204520551E+00
+22.57925000E-03,+2.75405531038E+00
+22.57930000E-03,+2.75134171546E+00
+22.57935000E-03,+2.77033666298E+00
+22.57940000E-03,+2.77305025794E+00
+22.57945000E-03,+2.75405531044E+00
+22.57950000E-03,+2.75676890545E+00
+22.57955000E-03,+2.75134171546E+00
+22.57960000E-03,+2.75134171546E+00
+22.57965000E-03,+2.77033666289E+00
+22.57970000E-03,+2.75405531052E+00
+22.57975000E-03,+2.75134171546E+00
+22.57980000E-03,+2.77305025794E+00
+22.57985000E-03,+2.77576385304E+00
+22.57990000E-03,+2.75676890570E+00
+22.57995000E-03,+2.77576385307E+00
+22.58000000E-03,+2.77305025794E+00
+22.58005000E-03,+2.79475880042E+00
+22.58010000E-03,+2.79475880042E+00
+22.58015000E-03,+2.79204520522E+00
+22.58020000E-03,+2.79204520520E+00
+22.58025000E-03,+2.79475880042E+00
+22.58030000E-03,+2.77847744843E+00
+22.58035000E-03,+2.79475880042E+00
+22.58040000E-03,+2.79475880042E+00
+22.58045000E-03,+2.79747239571E+00
+22.58050000E-03,+2.79747239573E+00
+22.58055000E-03,+2.81918093822E+00
+22.58060000E-03,+2.81375374756E+00
+22.58065000E-03,+2.81646734290E+00
+22.58070000E-03,+2.81646734290E+00
+22.58075000E-03,+2.83274869460E+00
+22.58080000E-03,+2.83546228998E+00
+22.58085000E-03,+2.83817588538E+00
+22.58090000E-03,+2.83817588538E+00
+22.58095000E-03,+2.85717083241E+00
+22.58100000E-03,+2.85988442786E+00
+22.58105000E-03,+2.83817588538E+00
+22.58110000E-03,+2.87887937484E+00
+22.58115000E-03,+2.85988442786E+00
+22.58120000E-03,+2.85988442786E+00
+22.58125000E-03,+2.88159297034E+00
+22.58130000E-03,+2.88430656590E+00
+22.58135000E-03,+2.90058791725E+00
+22.58140000E-03,+2.88430656593E+00
+22.58145000E-03,+2.90330151282E+00
+22.58150000E-03,+2.92501005530E+00
+22.58155000E-03,+2.92501005530E+00
+22.58160000E-03,+2.92501005530E+00
+22.58165000E-03,+2.90601510849E+00
+22.58170000E-03,+2.92501005530E+00
+22.58175000E-03,+2.94671859778E+00
+22.58180000E-03,+2.94400500207E+00
+22.58185000E-03,+2.94671859778E+00
+22.58190000E-03,+2.94943219353E+00
+22.58195000E-03,+2.96571354450E+00
+22.58200000E-03,+2.94943219356E+00
+22.58205000E-03,+2.96842714027E+00
+22.58210000E-03,+2.99013568275E+00
+22.58215000E-03,+2.98742208692E+00
+22.58220000E-03,+2.99013568275E+00
+22.58225000E-03,+2.98742208689E+00
+22.58230000E-03,+2.99284927862E+00
+22.58235000E-03,+3.01184422523E+00
+22.58240000E-03,+3.00913062932E+00
+22.58245000E-03,+3.03083917179E+00
+22.58250000E-03,+3.01455782116E+00
+22.58255000E-03,+3.03355276771E+00
+22.58260000E-03,+3.03083917174E+00
+22.58265000E-03,+3.05526131019E+00
+22.58270000E-03,+3.03626636371E+00
+22.58275000E-03,+3.03626636372E+00
+22.58280000E-03,+3.05526131019E+00
+22.58285000E-03,+3.05526131019E+00
+22.58290000E-03,+3.05797490625E+00
+22.58295000E-03,+3.05526131019E+00
+22.58300000E-03,+3.03626636380E+00
+22.58305000E-03,+3.05526131019E+00
+22.58310000E-03,+3.05797490631E+00
+22.58315000E-03,+3.09596479901E+00
+22.58320000E-03,+3.07696985267E+00
+22.58325000E-03,+3.07696985267E+00
+22.58330000E-03,+3.09867839515E+00
+22.58335000E-03,+3.07696985267E+00
+22.58340000E-03,+3.09596479894E+00
+22.58345000E-03,+3.07968344890E+00
+22.58350000E-03,+3.07968344892E+00
+22.58355000E-03,+3.07968344893E+00
+22.58360000E-03,+3.07968344895E+00
+22.58365000E-03,+3.09596479886E+00
+22.58370000E-03,+3.07968344898E+00
+22.58375000E-03,+3.09596479883E+00
+22.58380000E-03,+3.07425625633E+00
+22.58385000E-03,+3.07696985267E+00
+22.58390000E-03,+3.07696985267E+00
+22.58395000E-03,+3.07696985267E+00
+22.58400000E-03,+3.05526131019E+00
+22.58405000E-03,+3.05526131019E+00
+22.58410000E-03,+3.07696985267E+00
+22.58415000E-03,+3.07696985267E+00
+22.58420000E-03,+3.03626636417E+00
+22.58425000E-03,+3.05526131019E+00
+22.58430000E-03,+3.07425625617E+00
+22.58435000E-03,+3.05254771368E+00
+22.58440000E-03,+3.03355276771E+00
+22.58445000E-03,+3.01184422523E+00
+22.58450000E-03,+3.05254771363E+00
+22.58455000E-03,+3.03355276771E+00
+22.58460000E-03,+3.01184422523E+00
+22.58465000E-03,+3.03355276771E+00
+22.58470000E-03,+2.99284927937E+00
+22.58475000E-03,+3.01184422523E+00
+22.58480000E-03,+3.00913062858E+00
+22.58485000E-03,+2.99284927941E+00
+22.58490000E-03,+2.97114073695E+00
+22.58495000E-03,+2.96842714027E+00
+22.58500000E-03,+2.94671859778E+00
+22.58505000E-03,+2.96571354354E+00
+22.58510000E-03,+2.94943219453E+00
+22.58515000E-03,+2.94943219455E+00
+22.58520000E-03,+2.92501005530E+00
+22.58525000E-03,+2.92501005530E+00
+22.58530000E-03,+2.92501005530E+00
+22.58535000E-03,+2.92501005530E+00
+22.58540000E-03,+2.92229645846E+00
+22.58545000E-03,+2.90058791597E+00
+22.58550000E-03,+2.90601510969E+00
+22.58555000E-03,+2.90058791594E+00
+22.58560000E-03,+2.90058791592E+00
+22.58565000E-03,+2.86259802478E+00
+22.58570000E-03,+2.88159297034E+00
+22.58575000E-03,+2.88159297034E+00
+22.58580000E-03,+2.85717083090E+00
+22.58585000E-03,+2.85717083088E+00
+22.58590000E-03,+2.85988442786E+00
+22.58595000E-03,+2.85445723384E+00
+22.58600000E-03,+2.85717083083E+00
+22.58605000E-03,+2.81918093994E+00
+22.58610000E-03,+2.83817588538E+00
+22.58615000E-03,+2.81918093997E+00
+22.58620000E-03,+2.81646734290E+00
+22.58625000E-03,+2.81375374579E+00
+22.58630000E-03,+2.79747239754E+00
+22.58635000E-03,+2.79475880042E+00
+22.58640000E-03,+2.79204520327E+00
+22.58645000E-03,+2.79475880042E+00
+22.58650000E-03,+2.79475880042E+00
+22.58655000E-03,+2.79475880042E+00
+22.58660000E-03,+2.77576385515E+00
+22.58665000E-03,+2.77576385517E+00
+22.58670000E-03,+2.79475880042E+00
+22.58675000E-03,+2.79204520316E+00
+22.58680000E-03,+2.79475880042E+00
+22.58685000E-03,+2.77033666064E+00
+22.58690000E-03,+2.77576385524E+00
+22.58695000E-03,+2.79204520309E+00
+22.58700000E-03,+2.75405531279E+00
+22.58705000E-03,+2.77305025794E+00
+22.58710000E-03,+2.75405531283E+00
+22.58715000E-03,+2.77305025794E+00
+22.58720000E-03,+2.75405531286E+00
+22.58725000E-03,+2.77305025794E+00
+22.58730000E-03,+2.77305025794E+00
+22.58735000E-03,+2.77305025794E+00
+22.58740000E-03,+2.77033666047E+00
+22.58745000E-03,+2.75134171546E+00
+22.58750000E-03,+2.79204520292E+00
+22.58755000E-03,+2.77033666043E+00
+22.58760000E-03,+2.77305025794E+00
+22.58765000E-03,+2.79204520288E+00
+22.58770000E-03,+2.77576385549E+00
+22.58775000E-03,+2.79475880042E+00
+22.58780000E-03,+2.77576385552E+00
+22.58785000E-03,+2.75405531306E+00
+22.58790000E-03,+2.77576385556E+00
+22.58795000E-03,+2.79475880042E+00
+22.58800000E-03,+2.77305025794E+00
+22.58805000E-03,+2.77305025794E+00
+22.58810000E-03,+2.79475880042E+00
+22.58815000E-03,+2.81646734290E+00
+22.58820000E-03,+2.79747239813E+00
+22.58825000E-03,+2.81375374517E+00
+22.58830000E-03,+2.79475880042E+00
+22.58835000E-03,+2.81375374514E+00
+22.58840000E-03,+2.81646734290E+00
+22.58845000E-03,+2.81646734290E+00
+22.58850000E-03,+2.81918094071E+00
+22.58855000E-03,+2.83817588538E+00
+22.58860000E-03,+2.83817588538E+00
+22.58865000E-03,+2.83817588538E+00
+22.58870000E-03,+2.84088948325E+00
+22.58875000E-03,+2.85717082998E+00
+22.58880000E-03,+2.84360308118E+00
+22.58885000E-03,+2.86259802578E+00
+22.58890000E-03,+2.85988442786E+00
+22.58895000E-03,+2.87887937239E+00
+22.58900000E-03,+2.85988442786E+00
+22.58905000E-03,+2.88159297034E+00
+22.58910000E-03,+2.86259802585E+00
+22.58915000E-03,+2.90058791481E+00
+22.58920000E-03,+2.89787431677E+00
+22.58925000E-03,+2.88159297034E+00
+22.58930000E-03,+2.88430656840E+00
+22.58935000E-03,+2.92229645723E+00
+22.58940000E-03,+2.92229645722E+00
+22.58945000E-03,+2.92501005530E+00
+22.58950000E-03,+2.94400499967E+00
+22.58955000E-03,+2.94671859778E+00
+22.58960000E-03,+2.96299994396E+00
+22.58965000E-03,+2.94400499962E+00
+22.58970000E-03,+2.92772365349E+00
+22.58975000E-03,+2.96571354207E+00
+22.58980000E-03,+2.97114073848E+00
+22.58985000E-03,+2.96571354204E+00
+22.58990000E-03,+2.97114073851E+00
+22.58995000E-03,+2.96842714027E+00
+22.59000000E-03,+2.99013568275E+00
+22.59005000E-03,+2.99013568275E+00
+22.59010000E-03,+2.99284928105E+00
+22.59015000E-03,+3.00913062691E+00
+22.59020000E-03,+3.01184422523E+00
+22.59025000E-03,+3.01184422523E+00
+22.59030000E-03,+3.01455782360E+00
+22.59035000E-03,+3.03083916932E+00
+22.59040000E-03,+3.03083916931E+00
+22.59045000E-03,+3.01455782364E+00
+22.59050000E-03,+3.03355276771E+00
+22.59055000E-03,+3.03355276771E+00
+22.59060000E-03,+3.03355276771E+00
+22.59065000E-03,+3.05526131019E+00
+22.59070000E-03,+3.05797490868E+00
+22.59075000E-03,+3.05526131019E+00
+22.59080000E-03,+3.05526131019E+00
+22.59085000E-03,+3.07696985267E+00
+22.59090000E-03,+3.07696985267E+00
+22.59095000E-03,+3.09596479658E+00
+22.59100000E-03,+3.09325119798E+00
+22.59105000E-03,+3.05797490879E+00
+22.59110000E-03,+3.07968345129E+00
+22.59115000E-03,+3.09596479652E+00
+22.59120000E-03,+3.07968345132E+00
+22.59125000E-03,+3.09867839515E+00
+22.59130000E-03,+3.07968345135E+00
+22.59135000E-03,+3.09596479646E+00
+22.59140000E-03,+3.07696985267E+00
+22.59145000E-03,+3.05797490892E+00
+22.59150000E-03,+3.09596479641E+00
+22.59155000E-03,+3.09596479639E+00
+22.59160000E-03,+3.05797490896E+00
+22.59165000E-03,+3.07696985267E+00
+22.59170000E-03,+3.07696985267E+00
+22.59175000E-03,+3.07425625385E+00
+22.59180000E-03,+3.07696985267E+00
+22.59185000E-03,+3.05797490904E+00
+22.59190000E-03,+3.05797490906E+00
+22.59195000E-03,+3.05526131019E+00
+22.59200000E-03,+3.07696985267E+00
+22.59205000E-03,+3.05526131019E+00
+22.59210000E-03,+3.05526131019E+00
+22.59215000E-03,+3.07425625372E+00
+22.59220000E-03,+3.04983411227E+00
+22.59225000E-03,+3.03626636669E+00
+22.59230000E-03,+3.03626636670E+00
+22.59235000E-03,
